-9.95929214352104	0.500000000000000	2
-9.95929214352104	1.50000000000000	2
-9.95929214352104	2.50000000000000	2
-9.95929214352104	3.50000000000000	2
-9.95929214352104	4.50000000000000	2
-9.95929214352104	5.50000000000000	2
-9.95929214352104	6.50000000000000	2
-9.95929214352104	7.50000000000000	2
-9.95929214352104	8.50000000000000	2
-9.95929214352104	9.50000000000000	2
-9.95929214352104	10.5000000000000	2
-9.95929214352104	11.5000000000000	2
-9.95929214352104	12.5000000000000	2
-9.95929214352104	13.5000000000000	2
-9.95929214352104	14.5000000000000	2
-9.95929214352104	15.5000000000000	2
-9.95929214352104	16.5000000000000	2
-9.95929214352104	17.5000000000000	2
-9.95929214352104	18.5000000000000	2
-9.95929214352104	19.5000000000000	2
-9.95929214352104	20.5000000000000	2
-9.95929214352104	21.5000000000000	2
-9.95929214352104	22.5000000000000	2
-9.95929214352104	23.5000000000000	2
-9.09326673973661	1	2
-9.09326673973661	2	1
-9.09326673973661	3	1
-9.09326673973661	4	1
-9.09326673973661	5	1
-9.09326673973661	6	1
-9.09326673973661	7	1
-9.09326673973661	8	1
-9.09326673973661	9	1
-9.09326673973661	10	1
-9.09326673973661	11	1
-9.09326673973661	12	1
-9.09326673973661	13	1
-9.09326673973661	14	1
-9.09326673973661	15	1
-9.09326673973661	16	1
-9.09326673973661	17	1
-9.09326673973661	18	1
-9.09326673973661	19	1
-9.09326673973661	20	1
-9.09326673973661	21	1
-9.09326673973661	22	1
-9.09326673973661	23	1
-9.09326673973661	24	2
-8.22724133595217	0.500000000000000	2
-8.22724133595217	1.50000000000000	1
-8.22724133595217	2.50000000000000	1
-8.22724133595217	3.50000000000000	1
-8.22724133595217	4.50000000000000	1
-8.22724133595217	5.50000000000000	1
-8.22724133595217	6.50000000000000	1
-8.22724133595217	7.50000000000000	1
-8.22724133595217	8.50000000000000	1
-8.22724133595217	9.50000000000000	1
-8.22724133595217	10.5000000000000	1
-8.22724133595217	11.5000000000000	1
-8.22724133595217	12.5000000000000	1
-8.22724133595217	13.5000000000000	1
-8.22724133595217	14.5000000000000	1
-8.22724133595217	15.5000000000000	1
-8.22724133595217	16.5000000000000	1
-8.22724133595217	17.5000000000000	1
-8.22724133595217	18.5000000000000	1
-8.22724133595217	19.5000000000000	1
-8.22724133595217	20.5000000000000	1
-8.22724133595217	21.5000000000000	1
-8.22724133595217	22.5000000000000	1
-8.22724133595217	23.5000000000000	2
-7.36121593216773	1	2
-7.36121593216773	2	1
-7.36121593216773	3	1
-7.36121593216773	4	1
-7.36121593216773	5	1
-7.36121593216773	6	1
-7.36121593216773	7	1
-7.36121593216773	8	1
-7.36121593216773	9	1
-7.36121593216773	10	1
-7.36121593216773	11	1
-7.36121593216773	12	1
-7.36121593216773	13	1
-7.36121593216773	14	1
-7.36121593216773	15	1
-7.36121593216773	16	1
-7.36121593216773	17	1
-7.36121593216773	18	1
-7.36121593216773	19	1
-7.36121593216773	20	1
-7.36121593216773	21	1
-7.36121593216773	22	1
-7.36121593216773	23	1
-7.36121593216773	24	2
-6.49519052838329	0.500000000000000	2
-6.49519052838329	1.50000000000000	1
-6.49519052838329	2.50000000000000	1
-6.49519052838329	3.50000000000000	1
-6.49519052838329	4.50000000000000	1
-6.49519052838329	5.50000000000000	1
-6.49519052838329	6.50000000000000	1
-6.49519052838329	7.50000000000000	1
-6.49519052838329	8.50000000000000	1
-6.49519052838329	9.50000000000000	1
-6.49519052838329	10.5000000000000	1
-6.49519052838329	11.5000000000000	1
-6.49519052838329	12.5000000000000	1
-6.49519052838329	13.5000000000000	1
-6.49519052838329	14.5000000000000	1
-6.49519052838329	15.5000000000000	1
-6.49519052838329	16.5000000000000	1
-6.49519052838329	17.5000000000000	1
-6.49519052838329	18.5000000000000	1
-6.49519052838329	19.5000000000000	1
-6.49519052838329	20.5000000000000	1
-6.49519052838329	21.5000000000000	1
-6.49519052838329	22.5000000000000	1
-6.49519052838329	23.5000000000000	2
-5.62916512459885	1	2
-5.62916512459885	2	1
-5.62916512459885	3	1
-5.62916512459885	4	1
-5.62916512459885	5	1
-5.62916512459885	6	1
-5.62916512459885	7	1
-5.62916512459885	8	1
-5.62916512459885	9	1
-5.62916512459885	10	1
-5.62916512459885	11	1
-5.62916512459885	12	1
-5.62916512459885	13	1
-5.62916512459885	14	1
-5.62916512459885	15	1
-5.62916512459885	16	1
-5.62916512459885	17	1
-5.62916512459885	18	1
-5.62916512459885	19	1
-5.62916512459885	20	1
-5.62916512459885	21	1
-5.62916512459885	22	1
-5.62916512459885	23	1
-5.62916512459885	24	2
-4.76313972081441	0.500000000000000	2
-4.76313972081441	1.50000000000000	1
-4.76313972081441	2.50000000000000	1
-4.76313972081441	3.50000000000000	1
-4.76313972081441	4.50000000000000	1
-4.76313972081441	5.50000000000000	1
-4.76313972081441	6.50000000000000	1
-4.76313972081441	7.50000000000000	1
-4.76313972081441	8.50000000000000	1
-4.76313972081441	9.50000000000000	1
-4.76313972081441	10.5000000000000	1
-4.76313972081441	11.5000000000000	1
-4.76313972081441	12.5000000000000	1
-4.76313972081441	13.5000000000000	1
-4.76313972081441	14.5000000000000	1
-4.76313972081441	15.5000000000000	1
-4.76313972081441	16.5000000000000	1
-4.76313972081441	17.5000000000000	1
-4.76313972081441	18.5000000000000	1
-4.76313972081441	19.5000000000000	1
-4.76313972081441	20.5000000000000	1
-4.76313972081441	21.5000000000000	1
-4.76313972081441	22.5000000000000	1
-4.76313972081441	23.5000000000000	2
-3.89711431702997	1	2
-3.89711431702997	2	1
-3.89711431702997	3	1
-3.89711431702997	4	1
-3.89711431702997	5	1
-3.89711431702997	6	1
-3.89711431702997	7	1
-3.89711431702997	8	1
-3.89711431702997	9	1
-3.89711431702997	10	1
-3.89711431702997	11	1
-3.89711431702997	12	1
-3.89711431702997	13	1
-3.89711431702997	14	1
-3.89711431702997	15	1
-3.89711431702997	16	1
-3.89711431702997	17	1
-3.89711431702997	18	1
-3.89711431702997	19	1
-3.89711431702997	20	1
-3.89711431702997	21	1
-3.89711431702997	22	1
-3.89711431702997	23	1
-3.89711431702997	24	2
-3.03108891324554	0.500000000000000	2
-3.03108891324554	1.50000000000000	1
-3.03108891324554	2.50000000000000	1
-3.03108891324554	3.50000000000000	1
-3.03108891324554	4.50000000000000	1
-3.03108891324554	5.50000000000000	1
-3.03108891324554	6.50000000000000	1
-3.03108891324554	7.50000000000000	1
-3.03108891324554	8.50000000000000	1
-3.03108891324554	9.50000000000000	1
-3.03108891324554	10.5000000000000	1
-3.03108891324554	11.5000000000000	1
-3.03108891324554	12.5000000000000	1
-3.03108891324554	13.5000000000000	1
-3.03108891324554	14.5000000000000	1
-3.03108891324554	15.5000000000000	1
-3.03108891324554	16.5000000000000	1
-3.03108891324554	17.5000000000000	1
-3.03108891324554	18.5000000000000	1
-3.03108891324554	19.5000000000000	1
-3.03108891324554	20.5000000000000	1
-3.03108891324554	21.5000000000000	1
-3.03108891324554	22.5000000000000	1
-3.03108891324554	23.5000000000000	2
-2.16506350946110	1	2
-2.16506350946110	2	1
-2.16506350946110	3	1
-2.16506350946110	4	1
-2.16506350946110	5	1
-2.16506350946110	6	1
-2.16506350946110	7	1
-2.16506350946110	8	1
-2.16506350946110	9	1
-2.16506350946110	10	1
-2.16506350946110	11	1
-2.16506350946110	12	1
-2.16506350946110	13	1
-2.16506350946110	14	1
-2.16506350946110	15	1
-2.16506350946110	16	1
-2.16506350946110	17	1
-2.16506350946110	18	1
-2.16506350946110	19	1
-2.16506350946110	20	1
-2.16506350946110	21	1
-2.16506350946110	22	1
-2.16506350946110	23	1
-2.16506350946110	24	2
-1.29903810567666	0.500000000000000	2
-1.29903810567666	1.50000000000000	1
-1.29903810567666	2.50000000000000	1
-1.29903810567666	3.50000000000000	1
-1.29903810567666	4.50000000000000	1
-1.29903810567666	5.50000000000000	1
-1.29903810567666	6.50000000000000	1
-1.29903810567666	7.50000000000000	1
-1.29903810567666	8.50000000000000	1
-1.29903810567666	9.50000000000000	1
-1.29903810567666	10.5000000000000	1
-1.29903810567666	11.5000000000000	1
-1.29903810567666	12.5000000000000	1
-1.29903810567666	13.5000000000000	1
-1.29903810567666	14.5000000000000	1
-1.29903810567666	15.5000000000000	1
-1.29903810567666	16.5000000000000	1
-1.29903810567666	17.5000000000000	1
-1.29903810567666	18.5000000000000	1
-1.29903810567666	19.5000000000000	1
-1.29903810567666	20.5000000000000	1
-1.29903810567666	21.5000000000000	1
-1.29903810567666	22.5000000000000	1
-1.29903810567666	23.5000000000000	2
-0.433012701892219	1	2
-0.433012701892219	2	1
-0.433012701892219	3	1
-0.433012701892219	4	1
-0.433012701892219	5	1
-0.433012701892219	6	1
-0.433012701892219	7	1
-0.433012701892219	8	1
-0.433012701892219	9	1
-0.433012701892219	10	1
-0.433012701892219	11	1
-0.433012701892219	12	1
-0.433012701892219	13	1
-0.433012701892219	14	1
-0.433012701892219	15	1
-0.433012701892219	16	1
-0.433012701892219	17	1
-0.433012701892219	18	1
-0.433012701892219	19	1
-0.433012701892219	20	1
-0.433012701892219	21	1
-0.433012701892219	22	1
-0.433012701892219	23	1
-0.433012701892219	24	2
0.433012701892219	0.500000000000000	2
0.433012701892219	1.50000000000000	1
0.433012701892219	2.50000000000000	1
0.433012701892219	3.50000000000000	1
0.433012701892219	4.50000000000000	1
0.433012701892219	5.50000000000000	1
0.433012701892219	6.50000000000000	1
0.433012701892219	7.50000000000000	1
0.433012701892219	8.50000000000000	1
0.433012701892219	9.50000000000000	1
0.433012701892219	10.5000000000000	1
0.433012701892219	11.5000000000000	1
0.433012701892219	12.5000000000000	1
0.433012701892219	13.5000000000000	1
0.433012701892219	14.5000000000000	1
0.433012701892219	15.5000000000000	1
0.433012701892219	16.5000000000000	1
0.433012701892219	17.5000000000000	1
0.433012701892219	18.5000000000000	1
0.433012701892219	19.5000000000000	1
0.433012701892219	20.5000000000000	1
0.433012701892219	21.5000000000000	1
0.433012701892219	22.5000000000000	1
0.433012701892219	23.5000000000000	2
1.29903810567666	1	2
1.29903810567666	2	1
1.29903810567666	3	1
1.29903810567666	4	1
1.29903810567666	5	1
1.29903810567666	6	1
1.29903810567666	7	1
1.29903810567666	8	1
1.29903810567666	9	1
1.29903810567666	10	1
1.29903810567666	11	1
1.29903810567666	12	1
1.29903810567666	13	1
1.29903810567666	14	1
1.29903810567666	15	1
1.29903810567666	16	1
1.29903810567666	17	1
1.29903810567666	18	1
1.29903810567666	19	1
1.29903810567666	20	1
1.29903810567666	21	1
1.29903810567666	22	1
1.29903810567666	23	1
1.29903810567666	24	2
2.16506350946110	0.500000000000000	2
2.16506350946110	1.50000000000000	1
2.16506350946110	2.50000000000000	1
2.16506350946110	3.50000000000000	1
2.16506350946110	4.50000000000000	1
2.16506350946110	5.50000000000000	1
2.16506350946110	6.50000000000000	1
2.16506350946110	7.50000000000000	1
2.16506350946110	8.50000000000000	1
2.16506350946110	9.50000000000000	1
2.16506350946110	10.5000000000000	1
2.16506350946110	11.5000000000000	1
2.16506350946110	12.5000000000000	1
2.16506350946110	13.5000000000000	1
2.16506350946110	14.5000000000000	1
2.16506350946110	15.5000000000000	1
2.16506350946110	16.5000000000000	1
2.16506350946110	17.5000000000000	1
2.16506350946110	18.5000000000000	1
2.16506350946110	19.5000000000000	1
2.16506350946110	20.5000000000000	1
2.16506350946110	21.5000000000000	1
2.16506350946110	22.5000000000000	1
2.16506350946110	23.5000000000000	2
3.03108891324553	1	2
3.03108891324553	2	1
3.03108891324553	3	1
3.03108891324553	4	1
3.03108891324553	5	1
3.03108891324553	6	1
3.03108891324553	7	1
3.03108891324553	8	1
3.03108891324553	9	1
3.03108891324553	10	1
3.03108891324553	11	1
3.03108891324553	12	1
3.03108891324553	13	1
3.03108891324553	14	1
3.03108891324553	15	1
3.03108891324553	16	1
3.03108891324553	17	1
3.03108891324553	18	1
3.03108891324553	19	1
3.03108891324553	20	1
3.03108891324553	21	1
3.03108891324553	22	1
3.03108891324553	23	1
3.03108891324553	24	2
3.89711431702997	0.500000000000000	2
3.89711431702997	1.50000000000000	1
3.89711431702997	2.50000000000000	1
3.89711431702997	3.50000000000000	1
3.89711431702997	4.50000000000000	1
3.89711431702997	5.50000000000000	1
3.89711431702997	6.50000000000000	1
3.89711431702997	7.50000000000000	1
3.89711431702997	8.50000000000000	1
3.89711431702997	9.50000000000000	1
3.89711431702997	10.5000000000000	1
3.89711431702997	11.5000000000000	1
3.89711431702997	12.5000000000000	1
3.89711431702997	13.5000000000000	1
3.89711431702997	14.5000000000000	1
3.89711431702997	15.5000000000000	1
3.89711431702997	16.5000000000000	1
3.89711431702997	17.5000000000000	1
3.89711431702997	18.5000000000000	1
3.89711431702997	19.5000000000000	1
3.89711431702997	20.5000000000000	1
3.89711431702997	21.5000000000000	1
3.89711431702997	22.5000000000000	1
3.89711431702997	23.5000000000000	2
4.76313972081441	1	2
4.76313972081441	2	1
4.76313972081441	3	1
4.76313972081441	4	1
4.76313972081441	5	1
4.76313972081441	6	1
4.76313972081441	7	1
4.76313972081441	8	1
4.76313972081441	9	1
4.76313972081441	10	1
4.76313972081441	11	1
4.76313972081441	12	1
4.76313972081441	13	1
4.76313972081441	14	1
4.76313972081441	15	1
4.76313972081441	16	1
4.76313972081441	17	1
4.76313972081441	18	1
4.76313972081441	19	1
4.76313972081441	20	1
4.76313972081441	21	1
4.76313972081441	22	1
4.76313972081441	23	1
4.76313972081441	24	2
5.62916512459885	0.500000000000000	2
5.62916512459885	1.50000000000000	1
5.62916512459885	2.50000000000000	1
5.62916512459885	3.50000000000000	1
5.62916512459885	4.50000000000000	1
5.62916512459885	5.50000000000000	1
5.62916512459885	6.50000000000000	1
5.62916512459885	7.50000000000000	1
5.62916512459885	8.50000000000000	1
5.62916512459885	9.50000000000000	1
5.62916512459885	10.5000000000000	1
5.62916512459885	11.5000000000000	1
5.62916512459885	12.5000000000000	1
5.62916512459885	13.5000000000000	1
5.62916512459885	14.5000000000000	1
5.62916512459885	15.5000000000000	1
5.62916512459885	16.5000000000000	1
5.62916512459885	17.5000000000000	1
5.62916512459885	18.5000000000000	1
5.62916512459885	19.5000000000000	1
5.62916512459885	20.5000000000000	1
5.62916512459885	21.5000000000000	1
5.62916512459885	22.5000000000000	1
5.62916512459885	23.5000000000000	2
6.49519052838329	1	2
6.49519052838329	2	1
6.49519052838329	3	1
6.49519052838329	4	1
6.49519052838329	5	1
6.49519052838329	6	1
6.49519052838329	7	1
6.49519052838329	8	1
6.49519052838329	9	1
6.49519052838329	10	1
6.49519052838329	11	1
6.49519052838329	12	1
6.49519052838329	13	1
6.49519052838329	14	1
6.49519052838329	15	1
6.49519052838329	16	1
6.49519052838329	17	1
6.49519052838329	18	1
6.49519052838329	19	1
6.49519052838329	20	1
6.49519052838329	21	1
6.49519052838329	22	1
6.49519052838329	23	1
6.49519052838329	24	2
7.36121593216773	0.500000000000000	2
7.36121593216773	1.50000000000000	1
7.36121593216773	2.50000000000000	1
7.36121593216773	3.50000000000000	1
7.36121593216773	4.50000000000000	1
7.36121593216773	5.50000000000000	1
7.36121593216773	6.50000000000000	1
7.36121593216773	7.50000000000000	1
7.36121593216773	8.50000000000000	1
7.36121593216773	9.50000000000000	1
7.36121593216773	10.5000000000000	1
7.36121593216773	11.5000000000000	1
7.36121593216773	12.5000000000000	1
7.36121593216773	13.5000000000000	1
7.36121593216773	14.5000000000000	1
7.36121593216773	15.5000000000000	1
7.36121593216773	16.5000000000000	1
7.36121593216773	17.5000000000000	1
7.36121593216773	18.5000000000000	1
7.36121593216773	19.5000000000000	1
7.36121593216773	20.5000000000000	1
7.36121593216773	21.5000000000000	1
7.36121593216773	22.5000000000000	1
7.36121593216773	23.5000000000000	2
8.22724133595217	1	2
8.22724133595217	2	1
8.22724133595217	3	1
8.22724133595217	4	1
8.22724133595217	5	1
8.22724133595217	6	1
8.22724133595217	7	1
8.22724133595217	8	1
8.22724133595217	9	1
8.22724133595217	10	1
8.22724133595217	11	1
8.22724133595217	12	1
8.22724133595217	13	1
8.22724133595217	14	1
8.22724133595217	15	1
8.22724133595217	16	1
8.22724133595217	17	1
8.22724133595217	18	1
8.22724133595217	19	1
8.22724133595217	20	1
8.22724133595217	21	1
8.22724133595217	22	1
8.22724133595217	23	1
8.22724133595217	24	2
9.09326673973660	0.500000000000000	2
9.09326673973660	1.50000000000000	1
9.09326673973660	2.50000000000000	1
9.09326673973660	3.50000000000000	1
9.09326673973660	4.50000000000000	1
9.09326673973660	5.50000000000000	1
9.09326673973660	6.50000000000000	1
9.09326673973660	7.50000000000000	1
9.09326673973660	8.50000000000000	1
9.09326673973660	9.50000000000000	1
9.09326673973660	10.5000000000000	1
9.09326673973660	11.5000000000000	1
9.09326673973660	12.5000000000000	1
9.09326673973660	13.5000000000000	1
9.09326673973660	14.5000000000000	1
9.09326673973660	15.5000000000000	1
9.09326673973660	16.5000000000000	1
9.09326673973660	17.5000000000000	1
9.09326673973660	18.5000000000000	1
9.09326673973660	19.5000000000000	1
9.09326673973660	20.5000000000000	1
9.09326673973660	21.5000000000000	1
9.09326673973660	22.5000000000000	1
9.09326673973660	23.5000000000000	2
9.95929214352105	1	2
9.95929214352105	2	2
9.95929214352105	3	2
9.95929214352105	4	2
9.95929214352105	5	2
9.95929214352105	6	2
9.95929214352105	7	2
9.95929214352105	8	2
9.95929214352105	9	2
9.95929214352105	10	2
9.95929214352105	11	2
9.95929214352105	12	2
9.95929214352105	13	2
9.95929214352105	14	2
9.95929214352105	15	2
9.95929214352105	16	2
9.95929214352105	17	2
9.95929214352105	18	2
9.95929214352105	19	2
9.95929214352105	20	2
9.95929214352105	21	2
9.95929214352105	22	2
9.95929214352105	23	2
9.95929214352105	24	2